r:	proj	10	0	0.373843	1818	4863	28.903929	0.002561	11
r:	stop	10	0	0.373843	1818	4863	41.114075	0.000705	14
r:	proj	10	0	0.373843	1818	4863	33.831703	0.002789	11
r:	stop	10	0	0.373843	1818	4863	43.030402	0.000877	14
r:	proj	10	0	0.373843	1818	4863	28.760293	0.002600	11
r:	stop	10	0	0.373843	1818	4863	39.241825	0.000712	14
r:	eigen	10	0	0.373843	1818	4863	301.977847	256.127605	55
r:	eigen	10	0	0.373843	1818	4863	289.094448	246.598598	55
r:	best	0	0	0.373843	1818	4863	13.534084	0	4
r:	best	0	0	0.373843	1818	4863	8.741174	0	4
